name: ud_sdcnd
channels:
- menpo
- conda-forge
- defaults
dependencies:
- decorator=4.0.11=py35_0
- ffmpeg=3.2.4=1
- h5py=2.7.1=py35_1
- hdf5=1.8.18=vc14_0
- imageio=2.1.2=py35_0
- keras=2.0.6=py35_0
- libgpuarray=0.7.4=vc14_0
- mako=1.0.7=py35_0
- moviepy=0.2.3.2=py35_0
- protobuf=3.3.2=py35_vc14_0
- pygpu=0.7.4=py35_0
- pyyaml=3.12=py35_1
- theano=0.9.0=py35_1
- tqdm=4.11.2=py35_0
- vc=14=0
- yaml=0.1.6=vc14_0
- backports=1.0=py35_0
- backports.weakref=1.0rc1=py35_0
- bleach=1.5.0=py35_0
- bzip2=1.0.6=vc14_3
- certifi=2016.2.28=py35_0
- colorama=0.3.9=py35_0
- cycler=0.10.0=py35_0
- entrypoints=0.2.3=py35_0
- freetype=2.5.5=vc14_2
- html5lib=0.9999999=py35_0
- icu=57.1=vc14_0
- ipykernel=4.6.1=py35_0
- ipython=6.1.0=py35_0
- ipython_genutils=0.2.0=py35_0
- ipywidgets=6.0.0=py35_0
- jedi=0.10.2=py35_2
- jinja2=2.9.6=py35_0
- jpeg=9b=vc14_0
- jsonschema=2.6.0=py35_0
- jupyter=1.0.0=py35_3
- jupyter_client=5.1.0=py35_0
- jupyter_console=5.2.0=py35_0
- jupyter_core=4.3.0=py35_0
- libpng=1.6.30=vc14_1
- libprotobuf=3.2.0=vc14_0
- libtiff=4.0.6=vc14_3
- markdown=2.6.9=py35_0
- markupsafe=1.0=py35_0
- matplotlib=2.0.2=np113py35_0
- mistune=0.7.4=py35_0
- mkl=2017.0.3=0
- mock=2.0.0=py35_0
- nbconvert=5.2.1=py35_0
- nbformat=4.4.0=py35_0
- networkx=1.11=py35_0
- notebook=5.0.0=py35_0
- numpy=1.13.1=py35_0
- olefile=0.44=py35_0
- openssl=1.0.2l=vc14_0
- pandas=0.20.3=py35_0
- pandocfilters=1.4.2=py35_0
- path.py=10.3.1=py35_0
- pbr=1.10.0=py35_0
- pickleshare=0.7.4=py35_0
- pillow=4.2.1=py35_0
- pip=9.0.1=py35_1
- prompt_toolkit=1.0.15=py35_0
- pygments=2.2.0=py35_0
- pyparsing=2.2.0=py35_0
- pyqt=5.6.0=py35_2
- python=3.5.4=0
- python-dateutil=2.6.1=py35_0
- pytz=2017.2=py35_0
- pywavelets=0.5.2=np113py35_0
- pyzmq=16.0.2=py35_0
- qt=5.6.2=vc14_6
- qtconsole=4.3.1=py35_0
- scikit-image=0.13.0=np113py35_0
- scikit-learn=0.19.0=np113py35_0
- scipy=0.19.1=np113py35_0
- setuptools=36.4.0=py35_0
- simplegeneric=0.8.1=py35_1
- sip=4.18=py35_0
- six=1.10.0=py35_1
- tensorflow=1.2.1=py35_0
- testpath=0.3.1=py35_0
- tk=8.5.18=vc14_0
- tornado=4.5.2=py35_0
- traitlets=4.3.2=py35_0
- vs2015_runtime=14.0.25420=0
- wcwidth=0.1.7=py35_0
- werkzeug=0.12.2=py35_0
- wheel=0.29.0=py35_0
- widgetsnbextension=3.0.2=py35_0
- win_unicode_console=0.5=py35_0
- wincertstore=0.2=py35_0
- zlib=1.2.11=vc14_0
- opencv3=3.1.0=py35_0
- pip:
  - astroid==1.5.3
  - ipython-genutils==0.2.0
  - isort==4.2.15
  - jupyter-client==5.1.0
  - jupyter-console==5.2.0
  - jupyter-core==4.3.0
  - lazy-object-proxy==1.3.1
  - mccabe==0.6.1
  - prompt-toolkit==1.0.15
  - pyglet==1.2.4
  - pylint==1.7.4
  - requests==2.13.0
  - win-unicode-console==0.5
  - wrapt==1.10.11
prefix: C:\Users\bente\Anaconda3\envs\ud_sdcnd

